4294967278,95
4294967278,98
4294967278,97
4294967279,138
4294967279,423
55,2
4294967279,136
4294967279,408
4294967279,386
4294967279,422
4294967279,421
4294967278,105
4294967278,104
4294967278,103
4294967278,112
4294967278,111
4294967278,110
4294967278,109
4294967278,108
4294967278,107
4294967278,106
4294967279,387
4294967279,277
55,5
4294967278,124
4294967278,123
4294967278,122
4294967278,121
4294967278,120
4294967278,119
4294967278,115
4294967278,114
4294967278,113
4294967279,265
4294967294,901
4294967294,185
4294967294,436
4294967294,9
4294967294,899
4294967294,107
4294967278,379
4294967294,99
4294967294,38
4294967294,36
4294967294,42
4294967294,41
4294967294,39
4294967294,1417
4294967294,1416
4294967294,46
4294967294,393
4294967294,1
4294967294,2
4294967294,0
4294967294,120
4294967294,51
4294967294,82
4294967294,91
4294967294,90
4294967294,87
4294967294,86
4294967294,85
4294967294,84
4294967294,948
4294967294,947
4294967294,918
4294967294,29
4294967294,418
4294967294,28
4294967294,53
4294967294,45
4294967294,44
4294967294,37
49,3
4294967279,396
4294967294,93
4294967294,95
4294967294,416
4294967279,262
4294967294,83
4294967294,88
4294967279,346
4294967279,0
4294967279,260
4294967279,419
47,2
4294967279,274
4294967279,406
47,6
47,5
55,6
49,2
49,5
4294967279,292
55,4
4294967294,92
49,4
47,4
4294967294,7
4294967294,22
4294967294,471
43,4
4294967294,19
4294967294,423
4294967294,969
4294967294,1412
4294967294,11
4294967294,81
4294967278,2
4294967278,538
4294967278,572
4294967278,132
4294967278,571
4294967278,131
4294967278,364
4294967278,130
4294967278,568
4294967278,129
4294967278,128
4294967278,254
4294967278,127
4294967278,126
4294967278,125
4294967278,251
4294967278,248
4294967278,246
4294967278,118
4294967278,117
4294967278,116
4294967278,174
4294967278,231
4294967278,227
4294967278,225
4294967278,102
4294967278,101
4294967278,100
4294967278,99
4294967278,96
4294967278,89
4294967278,87
4294967278,0
4294967278,260
4294967278,86
4294967278,83
4294967278,82
4294967278,75
4294967278,74
4294967278,73
4294967278,66
4294967278,65
4294967278,64
4294967278,61
4294967278,60
4294967278,53
4294967278,52
4294967278,51
4294967279,174
4294967279,72
4294967279,433
4294967279,71
4294967279,70
4294967279,69
4294967279,68
4294967279,67
4294967279,390
4294967279,66
4294967279,432
4294967279,65
4294967279,328
4294967279,64
4294967279,412
4294967279,63
4294967279,326
4294967279,62
4294967279,61
4294967279,60
4294967279,59
4294967279,58
4294967279,57
4294967279,56
4294967279,55
4294967279,54
4294967279,53
4294967279,52
4294967279,51
4294967279,50
4294967279,49
4294967279,48
4294967279,47
4294967279,46
4294967279,45
4294967279,44
4294967279,43
4294967279,42
4294967279,41
4294967279,40
4294967279,39
4294967279,38
4294967279,37
4294967279,36
4294967279,35
4294967279,34
4294967279,33
4294967279,32
4294967279,31
4294967279,30
4294967279,29
4294967279,28
4294967279,27
4294967279,26
4294967279,25
4294967279,24
4294967279,23
4294967279,22
4294967279,21
4294967279,20
4294967279,19
4294967279,18
4294967279,17
4294967279,16
4294967279,15
4294967279,14
4294967279,13
4294967279,12
4294967279,11
4294967279,10
4294967279,9
4294967279,8
4294967279,257
4294967279,7
4294967279,385
4294967279,6
4294967279,426
4294967279,5
4294967279,4
4294967294,61
4294967294,97
4294967294,426
4294967294,40
4294967294,50
4294967294,469
4294967294,472
4294967294,25
4294967294,917
4294967294,27
4294967294,427
4294967294,127
4294967294,14
4294967294,126
4294967294,12
4294967294,182
4294967294,173
4294967294,170
4294967294,162
4294967294,68
0,5
4294967294,6
4294967294,17
4294967294,67
4294967294,76
4294967294,43
4294967294,52
4294967294,949
4294967294,26
4294967294,5
4294967279,440
79,5
79,4
79,3
79,2
79,1
4294967278,215
4294967279,439
78,8
78,7
78,6
78,5
78,4
78,3
78,2
78,1
4294967278,378
4294967278,542
4294967278,377
4294967294,972
4294967279,438
4294967279,437
75,5
75,4
75,2
75,1
74,5
74,4
74,2
74,1
4294967294,1415
73,8
73,7
73,6
73,5
73,4
73,2
73,1
4294967294,1414
4294967279,436
4294967278,376
4294967278,375
4294967278,374
4294967278,373
4294967279,435
4294967293,131
4294967293,130
4294967293,129
4294967293,128
4294967293,127
4294967293,126
4294967293,125
4294967293,124
4294967293,123
4294967293,122
4294967293,121
4294967293,120
4294967293,119
4294967293,118
4294967293,117
